Biomass name &S.Cerevisiae,C (%),"H 
(%)",L (%),"Acid Conc
(%)",S- Time (min),S- Temp (ᵒC),F- Time (h),F-Temp (ᵒC),Glucose (g/L),Ethanol (g/L)
Cotton stalk,40.3,13.2,30.0,3.0,30,70,50,30,30.0,31.0
Wheat straw,37.0,26.0,13.0,2.0,70,114,26,25,4.0,13.0
Rice straw,44.0,56.0,23.0,5.0,100,100,32,27,1.5,9.0
Banana plant waste,30.0,41.0,26.0,5.0,110,120,24,26,1.2,7.0
Corn cob,50.0,60.0,20.0,5.0,120,100,36,28,1.6,6.0
Olive tree dust,25.0,18.4,18.2,0.89,50,84,45,31,19.0,35.0
Potato peel waste,34.0,6.0,4.2,1.0,100,120,36,28,1.2,21.0
Curcuma longa,50.0,10.0,12.0,2.0,20,70,55,32,31.0,52.0
Giant reed,34.2,20.0,20.0,2.0,30,70,52,32,30.0,32.0
Potato peel waste,34.0,6.0,4.3,5.0,100,120,48,29,1.6,12.0
Potato peel waste,34.2,5.0,4.2,2.0,110,120,48,29,1.4,18.0
Cotton stalk,40.2,13.0,30.0,2.0,120,30,70,50,30.0,31.2
Wheat straw,35.0,26.2,13.0,4.0,70,114,26,25,4.0,12.0
Rice straw,43.0,56.0,22.0,4.0,100,100,32,27,1.5,9.0
Banana plant waste,29.0,42.0,27.0,4.0,110,120,24,26,1.2,7.0
Corn cob,48.0,60.0,22.0,4.0,120,120,36,28,2.0,4.0
Olive tree,25.0,18.0,18.2,1.0,50,84,45,31,18.0,34.0
Potato peel waste,34.0,5.0,4.3,1.0,100,120,36,28,1.2,26.1
Curcuma longa,50.0,7.2,11.0,1.0,20,70,55,32,30.0,52.0
Giant reed,33.0,20.0,20.0,2.0,30,70,52,29,29.0,31.0
Potato peel waste,34.3,6.0,4.3,4.0,110,120,48,32,2.0,20.2
Wheat straw,38.0,25.0,13.0,3.0,70,114,26,25,4.2,13.3
Banana plant waste,30.2,40.0,25.0,3.0,110,120,24,26,1.4,8.0
Olive tree dust,25.0,18.6,18.0,5.0,50,84,45,31,3.2,8.0
Curcuma longa,50.0,10.0,12.0,2.0,20,70,55,32,30.0,51.0
Potato peel waste,34.0,6.2,4.4,5.0,100,120,48,29,1.3,13.0
Cotton stalk,40.2,13.0,31.0,4.0,30,70,50,30,28.0,30.0
Rice straw,43.0,55.0,22.0,3.0,100,100,32,27,1.4,10.2
Curcuma longa,52.4,61.0,20.0,5.0,120,100,36,28,1.6,5.4
Potato peel waste,35.0,50.0,4.1,1.0,100,120,36,28,1.3,20.0
Potato peel waste,34.0,20.0,20.0,3.0,30,70,52,32,29.0,33.6
Cotton stalk,40.0,13.0,29.0,1.0,30,70,50,30,29.5,32.8
Giant reed,34.3,6.2,4.3,4.0,110,120,48,29,2.6,28.4
Corn cob,48.0,6.0,20.0,1.0,120,120,45,31,20.0,36.0
Wheat straw,35.6,26.4,13.7,5.0,70,114,26,25,4.1,12.4
Cotton stalk,42.0,56.0,20.0,5.0,100,100,32,27,1.6,10.0
Rice straw,44.95,55.31,22.71,4.0,100,100,32,27,1.6,9.1
Wheat straw,35.0,26.2,12.0,4.0,70,114,26,25,5.0,16.0
Banana plant waste,30.13,42.01,27.0,4.0,110,120,24,26,1.1,7.2
Wheat straw,34.6,5.0,4.4,5.0,110,120,48,29,1.6,28.0
Corn cob,50.3,61.6,20.0,5.0,120,120,36,28,1.8,6.1
Potato peel waste,34.0,5.2,4.3,1.0,100,120,36,28,2.4,20.0
Olive tree dust,25.1,18.8,18.5,0.89,50,84,45,31,20.6,35.1
Corn cob,38.0,13.0,30.0,3.0,120,30,10,50,30.0,34.0
Potato peel waste,34.6,20.4,20.4,2.0,30,70,52,32,30.8,32.5
Banana plant waste,30.0,42.0,28.0,5.0,110,120,36,28,2.0,8.0
Curcuma longa,51.0,11.0,12.0,2.0,20,70,55,32,31.4,54.3
Potato peel waste,33.0,20.0,20.0,3.0,30,70,52,32,30.0,32.0
Potato peel waste,34.3,6.0,4.3,5.0,110,120,48,29,1.8,28.6
Olive tree dust,26.0,18.0,18.0,0.89,50,84,45,31,19.0,32.0
Cotton stalk,40.3,13.2,30.0,3.0,30,70,50,30,30.0,31.0
Wheat straw,37.0,26.0,13.0,2.0,70,114,26,25,4.0,13.0
Rice straw,44.0,56.0,23.0,5.0,100,100,32,27,1.5,9.0
Banana plant waste,30.0,41.0,26.0,5.0,110,120,24,26,1.2,7.0
Corn cob,50.0,60.0,20.0,5.0,120,100,36,28,1.6,6.0
Olive tree dust,25.0,18.4,18.2,0.89,50,84,45,31,19.0,35.0
Potato peel waste,34.0,6.0,4.2,1.0,100,120,36,28,1.2,21.0
Curcuma longa,50.0,10.0,12.0,2.0,20,70,55,32,31.0,52.0
Giant reed,34.2,20.0,20.0,2.0,30,70,52,32,30.0,32.0
Potato peel waste,34.0,6.0,4.3,5.0,100,120,48,29,1.6,12.0
Potato peel waste,34.2,5.0,4.2,2.0,110,120,48,29,1.4,18.0
Cotton stalk,40.2,13.0,30.0,2.0,120,30,70,50,30.0,31.2
Wheat straw,35.0,26.2,13.0,4.0,70,114,26,25,4.0,12.0
Rice straw,43.0,56.0,22.0,4.0,100,100,32,27,1.5,9.0
Banana plant waste,29.0,42.0,27.0,4.0,110,120,24,26,1.2,7.0
Corn cob,48.0,60.0,22.0,4.0,120,120,36,28,2.0,4.0
Olive tree,25.0,18.0,18.2,1.0,50,84,45,31,18.0,34.0
Potato peel waste,34.0,5.0,4.3,1.0,100,120,36,28,1.2,26.1
Curcuma longa,50.0,7.2,11.0,1.0,20,70,55,32,30.0,52.0
Giant reed,33.0,20.0,20.0,2.0,30,70,52,29,29.0,31.0
Potato peel waste,34.3,6.0,4.3,4.0,110,120,48,32,2.0,20.2
Wheat straw,38.0,25.0,13.0,3.0,70,114,26,25,4.2,13.3
Banana plant waste,30.2,40.0,25.0,3.0,110,120,24,26,1.4,8.0
Olive tree dust,25.0,18.6,18.0,5.0,50,84,45,31,3.2,8.0
Curcuma longa,50.0,10.0,12.0,2.0,20,70,55,32,30.0,51.0
Potato peel waste,34.0,6.2,4.4,5.0,100,120,48,29,1.3,13.0
Cotton stalk,40.2,13.0,31.0,4.0,30,70,50,30,28.0,30.0
Rice straw,43.0,55.0,22.0,3.0,100,100,32,27,1.4,10.2
Curcuma longa,52.4,61.0,20.0,5.0,120,100,36,28,1.6,5.4
Potato peel waste,35.0,50.0,4.1,1.0,100,120,36,28,1.3,20.0
Potato peel waste,34.0,20.0,20.0,3.0,30,70,52,32,29.0,33.6
Cotton stalk,40.0,13.0,29.0,1.0,30,70,50,30,29.5,32.8
Giant reed,34.3,6.2,4.3,4.0,110,120,48,29,2.6,28.4
Corn cob,48.0,6.0,20.0,1.0,120,120,45,31,20.0,36.0
Wheat straw,35.6,26.4,13.7,5.0,70,114,26,25,4.1,12.4
Cotton stalk,42.0,56.0,20.0,5.0,100,100,32,27,1.6,10.0
Rice straw,44.95,55.31,22.71,4.0,100,100,32,27,1.6,9.1
Wheat straw,35.0,26.2,12.0,4.0,70,114,26,25,5.0,16.0
Banana plant waste,30.13,42.01,27.0,4.0,110,120,24,26,1.1,7.2
Wheat straw,34.6,5.0,4.4,5.0,110,120,48,29,1.6,28.0
Corn cob,50.3,61.6,20.0,5.0,120,120,36,28,1.8,6.1
Potato peel waste,34.0,5.2,4.3,1.0,100,120,36,28,2.4,20.0
Olive tree dust,25.1,18.8,18.5,0.89,50,84,45,31,20.6,35.1
Corn cob,38.0,13.0,30.0,3.0,120,30,10,50,30.0,34.0
Potato peel waste,34.6,20.4,20.4,2.0,30,70,52,32,30.8,32.5
Banana plant waste,30.0,42.0,28.0,5.0,110,120,36,28,2.0,8.0
Curcuma longa,51.0,11.0,12.0,2.0,20,70,55,32,31.4,54.3
Potato peel waste,33.0,20.0,20.0,3.0,30,70,52,32,30.0,32.0
Potato peel waste,34.3,6.0,4.3,5.0,110,120,48,29,1.8,28.6
Olive tree dust,26.0,18.0,18.0,0.89,50,84,45,31,19.0,32.0
Cotton stalk,40.3,13.2,30.0,3.0,30,70,50,30,30.0,31.0
Wheat straw,37.0,26.0,13.0,2.0,70,114,26,25,4.0,13.0
Rice straw,44.0,56.0,23.0,5.0,100,100,32,27,1.5,9.0
Banana plant waste,30.0,41.0,26.0,5.0,110,120,24,26,1.2,7.0
Corn cob,50.0,60.0,20.0,5.0,120,100,36,28,1.6,6.0
Olive tree dust,25.0,18.4,18.2,0.89,50,84,45,31,19.0,35.0
Potato peel waste,34.0,6.0,4.2,1.0,100,120,36,28,1.2,21.0
Curcuma longa,50.0,10.0,12.0,2.0,20,70,55,32,31.0,52.0
Giant reed,34.2,20.0,20.0,2.0,30,70,52,32,30.0,32.0
Potato peel waste,34.0,6.0,4.3,5.0,100,120,48,29,1.6,12.0
Potato peel waste,34.2,5.0,4.2,2.0,110,120,48,29,1.4,18.0
Cotton stalk,40.2,13.0,30.0,2.0,120,30,70,50,30.0,31.2
Wheat straw,35.0,26.2,13.0,4.0,70,114,26,25,4.0,12.0
Rice straw,43.0,56.0,22.0,4.0,100,100,32,27,1.5,9.0
Banana plant waste,29.0,42.0,27.0,4.0,110,120,24,26,1.2,7.0
Corn cob,48.0,60.0,22.0,4.0,120,120,36,28,2.0,4.0
Olive tree,25.0,18.0,18.2,1.0,50,84,45,31,18.0,34.0
Potato peel waste,34.0,5.0,4.3,1.0,100,120,36,28,1.2,26.1
Curcuma longa,50.0,7.2,11.0,1.0,20,70,55,32,30.0,52.0
Giant reed,33.0,20.0,20.0,2.0,30,70,52,29,29.0,31.0
Potato peel waste,34.3,6.0,4.3,4.0,110,120,48,32,2.0,20.2
Wheat straw,38.0,25.0,13.0,3.0,70,114,26,25,4.2,13.3
Banana plant waste,30.2,40.0,25.0,3.0,110,120,24,26,1.4,8.0
Olive tree dust,25.0,18.6,18.0,5.0,50,84,45,31,3.2,8.0
Curcuma longa,50.0,10.0,12.0,2.0,20,70,55,32,30.0,51.0
Potato peel waste,34.0,6.2,4.4,5.0,100,120,48,29,1.3,13.0
Cotton stalk,40.2,13.0,31.0,4.0,30,70,50,30,28.0,30.0
Rice straw,43.0,55.0,22.0,3.0,100,100,32,27,1.4,10.2
Curcuma longa,52.4,61.0,20.0,5.0,120,100,36,28,1.6,5.4
Potato peel waste,35.0,50.0,4.1,1.0,100,120,36,28,1.3,20.0
Potato peel waste,34.0,20.0,20.0,3.0,30,70,52,32,29.0,33.6
Cotton stalk,40.0,13.0,29.0,1.0,30,70,50,30,29.5,32.8
Giant reed,34.3,6.2,4.3,4.0,110,120,48,29,2.6,28.4
Corn cob,48.0,6.0,20.0,1.0,120,120,45,31,20.0,36.0
Wheat straw,35.6,26.4,13.7,5.0,70,114,26,25,4.1,12.4
Cotton stalk,42.0,56.0,20.0,5.0,100,100,32,27,1.6,10.0
Rice straw,44.95,55.31,22.71,4.0,100,100,32,27,1.6,9.1
Wheat straw,35.0,26.2,12.0,4.0,70,114,26,25,5.0,16.0
Banana plant waste,30.13,42.01,27.0,4.0,110,120,24,26,1.1,7.2
Wheat straw,34.6,5.0,4.4,5.0,110,120,48,29,1.6,28.0
Corn cob,50.3,61.6,20.0,5.0,120,120,36,28,1.8,6.1
Potato peel waste,34.0,5.2,4.3,1.0,100,120,36,28,2.4,20.0
Olive tree dust,25.1,18.8,18.5,0.89,50,84,45,31,20.6,35.1
Corn cob,38.0,13.0,30.0,3.0,120,30,10,50,30.0,34.0
Potato peel waste,34.6,20.4,20.4,2.0,30,70,52,32,30.8,32.5
Banana plant waste,30.0,42.0,28.0,5.0,110,120,36,28,2.0,8.0
Curcuma longa,51.0,11.0,12.0,2.0,20,70,55,32,31.4,54.3
Potato peel waste,33.0,20.0,20.0,3.0,30,70,52,32,30.0,32.0
Potato peel waste,34.3,6.0,4.3,5.0,110,120,48,29,1.8,28.6
Olive tree dust,26.0,18.0,18.0,0.89,50,84,45,31,19.0,32.0
Cotton stalk,40.3,13.2,30.0,3.0,30,70,50,30,30.0,31.0
Wheat straw,37.0,26.0,13.0,2.0,70,114,26,25,4.0,13.0
Rice straw,44.0,56.0,23.0,5.0,100,100,32,27,1.5,9.0
Banana plant waste,30.0,41.0,26.0,5.0,110,120,24,26,1.2,7.0
Corn cob,50.0,60.0,20.0,5.0,120,100,36,28,1.6,6.0
Olive tree dust,25.0,18.4,18.2,0.89,50,84,45,31,19.0,35.0
Potato peel waste,34.0,6.0,4.2,1.0,100,120,36,28,1.2,21.0
Curcuma longa,50.0,10.0,12.0,2.0,20,70,55,32,31.0,52.0
Giant reed,34.2,20.0,20.0,2.0,30,70,52,32,30.0,32.0
Potato peel waste,34.0,6.0,4.3,5.0,100,120,48,29,1.6,12.0
Potato peel waste,34.2,5.0,4.2,2.0,110,120,48,29,1.4,18.0
Cotton stalk,40.2,13.0,30.0,2.0,120,30,70,50,30.0,31.2
Wheat straw,35.0,26.2,13.0,4.0,70,114,26,25,4.0,12.0
Rice straw,43.0,56.0,22.0,4.0,100,100,32,27,1.5,9.0
Banana plant waste,29.0,42.0,27.0,4.0,110,120,24,26,1.2,7.0
Corn cob,48.0,60.0,22.0,4.0,120,120,36,28,2.0,4.0
Olive tree,25.0,18.0,18.2,1.0,50,84,45,31,18.0,34.0
Potato peel waste,34.0,5.0,4.3,1.0,100,120,36,28,1.2,26.1
Curcuma longa,50.0,7.2,11.0,1.0,20,70,55,32,30.0,52.0
Giant reed,33.0,20.0,20.0,2.0,30,70,52,29,29.0,31.0
Potato peel waste,34.3,6.0,4.3,4.0,110,120,48,32,2.0,20.2
Wheat straw,38.0,25.0,13.0,3.0,70,114,26,25,4.2,13.3
Banana plant waste,30.2,40.0,25.0,3.0,110,120,24,26,1.4,8.0
Olive tree dust,25.0,18.6,18.0,5.0,50,84,45,31,3.2,8.0
Curcuma longa,50.0,10.0,12.0,2.0,20,70,55,32,30.0,51.0
Potato peel waste,34.0,6.2,4.4,5.0,100,120,48,29,1.3,13.0
Cotton stalk,40.2,13.0,31.0,4.0,30,70,50,30,28.0,30.0
Rice straw,43.0,55.0,22.0,3.0,100,100,32,27,1.4,10.2
Curcuma longa,52.4,61.0,20.0,5.0,120,100,36,28,1.6,5.4
Potato peel waste,35.0,50.0,4.1,1.0,100,120,36,28,1.3,20.0
Potato peel waste,34.0,20.0,20.0,3.0,30,70,52,32,29.0,33.6
Cotton stalk,40.0,13.0,29.0,1.0,30,70,50,30,29.5,32.8
Giant reed,34.3,6.2,4.3,4.0,110,120,48,29,2.6,28.4
Corn cob,48.0,6.0,20.0,1.0,120,120,45,31,20.0,36.0
Wheat straw,35.6,26.4,13.7,5.0,70,114,26,25,4.1,12.4
Cotton stalk,42.0,56.0,20.0,5.0,100,100,32,27,1.6,10.0
Rice straw,44.95,55.31,22.71,4.0,100,100,32,27,1.6,9.1
Wheat straw,35.0,26.2,12.0,4.0,70,114,26,25,5.0,16.0
Banana plant waste,30.13,42.01,27.0,4.0,110,120,24,26,1.1,7.2
Wheat straw,34.6,5.0,4.4,5.0,110,120,48,29,1.6,28.0
Corn cob,50.3,61.6,20.0,5.0,120,120,36,28,1.8,6.1
Potato peel waste,34.0,5.2,4.3,1.0,100,120,36,28,2.4,20.0
Olive tree dust,25.1,18.8,18.5,0.89,50,84,45,31,20.6,35.1
Corn cob,38.0,13.0,30.0,3.0,120,30,10,50,30.0,34.0
Potato peel waste,34.6,20.4,20.4,2.0,30,70,52,32,30.8,32.5
Banana plant waste,30.0,42.0,28.0,5.0,110,120,36,28,2.0,8.0
Curcuma longa,51.0,11.0,12.0,2.0,20,70,55,32,31.4,54.3
Potato peel waste,33.0,20.0,20.0,3.0,30,70,52,32,30.0,32.0
Potato peel waste,34.3,6.0,4.3,5.0,110,120,48,29,1.8,28.6
Olive tree dust,26.0,18.0,18.0,0.89,50,84,45,31,19.0,32.0
Cotton stalk,40.3,13.2,30.0,3.0,30,70,50,30,30.0,31.0
Wheat straw,37.0,26.0,13.0,2.0,70,114,26,25,4.0,13.0
Rice straw,44.0,56.0,23.0,5.0,100,100,32,27,1.5,9.0
Banana plant waste,30.0,41.0,26.0,5.0,110,120,24,26,1.2,7.0
Corn cob,50.0,60.0,20.0,5.0,120,100,36,28,1.6,6.0
Olive tree dust,25.0,18.4,18.2,0.89,50,84,45,31,19.0,35.0
Potato peel waste,34.0,6.0,4.2,1.0,100,120,36,28,1.2,21.0
Curcuma longa,50.0,10.0,12.0,2.0,20,70,55,32,31.0,52.0
Giant reed,34.2,20.0,20.0,2.0,30,70,52,32,30.0,32.0
Potato peel waste,34.0,6.0,4.3,5.0,100,120,48,29,1.6,12.0
Potato peel waste,34.2,5.0,4.2,2.0,110,120,48,29,1.4,18.0
Cotton stalk,40.2,13.0,30.0,2.0,120,30,70,50,30.0,31.2
Wheat straw,35.0,26.2,13.0,4.0,70,114,26,25,4.0,12.0
Rice straw,43.0,56.0,22.0,4.0,100,100,32,27,1.5,9.0
Banana plant waste,29.0,42.0,27.0,4.0,110,120,24,26,1.2,7.0
Corn cob,48.0,60.0,22.0,4.0,120,120,36,28,2.0,4.0
Olive tree,25.0,18.0,18.2,1.0,50,84,45,31,18.0,34.0
Potato peel waste,34.0,5.0,4.3,1.0,100,120,36,28,1.2,26.1
Curcuma longa,50.0,7.2,11.0,1.0,20,70,55,32,30.0,52.0
Giant reed,33.0,20.0,20.0,2.0,30,70,52,29,29.0,31.0
Potato peel waste,34.3,6.0,4.3,4.0,110,120,48,32,2.0,20.2
Wheat straw,38.0,25.0,13.0,3.0,70,114,26,25,4.2,13.3
Banana plant waste,30.2,40.0,25.0,3.0,110,120,24,26,1.4,8.0
Olive tree dust,25.0,18.6,18.0,5.0,50,84,45,31,3.2,8.0
Curcuma longa,50.0,10.0,12.0,2.0,20,70,55,32,30.0,51.0
Potato peel waste,34.0,6.2,4.4,5.0,100,120,48,29,1.3,13.0
Cotton stalk,40.2,13.0,31.0,4.0,30,70,50,30,28.0,30.0
Rice straw,43.0,55.0,22.0,3.0,100,100,32,27,1.4,10.2
Curcuma longa,52.4,61.0,20.0,5.0,120,100,36,28,1.6,5.4
Potato peel waste,35.0,50.0,4.1,1.0,100,120,36,28,1.3,20.0
Potato peel waste,34.0,20.0,20.0,3.0,30,70,52,32,29.0,33.6
Cotton stalk,40.0,13.0,29.0,1.0,30,70,50,30,29.5,32.8
Giant reed,34.3,6.2,4.3,4.0,110,120,48,29,2.6,28.4
Corn cob,48.0,6.0,20.0,1.0,120,120,45,31,20.0,36.0
Wheat straw,35.6,26.4,13.7,5.0,70,114,26,25,4.1,12.4
Cotton stalk,42.0,56.0,20.0,5.0,100,100,32,27,1.6,10.0
Rice straw,44.95,55.31,22.71,4.0,100,100,32,27,1.6,9.1
Wheat straw,35.0,26.2,12.0,4.0,70,114,26,25,5.0,16.0
Banana plant waste,30.13,42.01,27.0,4.0,110,120,24,26,1.1,7.2
Wheat straw,34.6,5.0,4.4,5.0,110,120,48,29,1.6,28.0
Corn cob,50.3,61.6,20.0,5.0,120,120,36,28,1.8,6.1
Potato peel waste,34.0,5.2,4.3,1.0,100,120,36,28,2.4,20.0
Olive tree dust,25.1,18.8,18.5,0.89,50,84,45,31,20.6,35.1
Corn cob,38.0,13.0,30.0,3.0,120,30,10,50,30.0,34.0
Potato peel waste,34.6,20.4,20.4,2.0,30,70,52,32,30.8,32.5
Banana plant waste,30.0,42.0,28.0,5.0,110,120,36,28,2.0,8.0
Curcuma longa,51.0,11.0,12.0,2.0,20,70,55,32,31.4,54.3
Potato peel waste,33.0,20.0,20.0,3.0,30,70,52,32,30.0,32.0
Potato peel waste,34.3,6.0,4.3,5.0,110,120,48,29,1.8,28.6
Olive tree dust,26.0,18.0,18.0,0.89,50,84,45,31,19.0,32.0
Cotton stalk,40.3,13.2,30.0,3.0,30,70,50,30,30.0,31.0
Wheat straw,37.0,26.0,13.0,2.0,70,114,26,25,4.0,13.0
Rice straw,44.0,56.0,23.0,5.0,100,100,32,27,1.5,9.0
Banana plant waste,30.0,41.0,26.0,5.0,110,120,24,26,1.2,7.0
Corn cob,50.0,60.0,20.0,5.0,120,100,36,28,1.6,6.0
Olive tree dust,25.0,18.4,18.2,0.89,50,84,45,31,19.0,35.0
Potato peel waste,34.0,6.0,4.2,1.0,100,120,36,28,1.2,21.0
Curcuma longa,50.0,10.0,12.0,2.0,20,70,55,32,31.0,52.0
Giant reed,34.2,20.0,20.0,2.0,30,70,52,32,30.0,32.0
Potato peel waste,34.0,6.0,4.3,5.0,100,120,48,29,1.6,12.0
Potato peel waste,34.2,5.0,4.2,2.0,110,120,48,29,1.4,18.0
Cotton stalk,40.2,13.0,30.0,2.0,120,30,70,50,30.0,31.2
Wheat straw,35.0,26.2,13.0,4.0,70,114,26,25,4.0,12.0
Rice straw,43.0,56.0,22.0,4.0,100,100,32,27,1.5,9.0
Banana plant waste,29.0,42.0,27.0,4.0,110,120,24,26,1.2,7.0
Corn cob,48.0,60.0,22.0,4.0,120,120,36,28,2.0,4.0
Olive tree,25.0,18.0,18.2,1.0,50,84,45,31,18.0,34.0
Potato peel waste,34.0,5.0,4.3,1.0,100,120,36,28,1.2,26.1
Curcuma longa,50.0,7.2,11.0,1.0,20,70,55,32,30.0,52.0
Giant reed,33.0,20.0,20.0,2.0,30,70,52,29,29.0,31.0
Potato peel waste,34.3,6.0,4.3,4.0,110,120,48,32,2.0,20.2
Wheat straw,38.0,25.0,13.0,3.0,70,114,26,25,4.2,13.3
Banana plant waste,30.2,40.0,25.0,3.0,110,120,24,26,1.4,8.0
Olive tree dust,25.0,18.6,18.0,5.0,50,84,45,31,3.2,8.0
Curcuma longa,50.0,10.0,12.0,2.0,20,70,55,32,30.0,51.0
Potato peel waste,34.0,6.2,4.4,5.0,100,120,48,29,1.3,13.0
Cotton stalk,40.2,13.0,31.0,4.0,30,70,50,30,28.0,30.0
Rice straw,43.0,55.0,22.0,3.0,100,100,32,27,1.4,10.2
Curcuma longa,52.4,61.0,20.0,5.0,120,100,36,28,1.6,5.4
Potato peel waste,35.0,50.0,4.1,1.0,100,120,36,28,1.3,20.0
Potato peel waste,34.0,20.0,20.0,3.0,30,70,52,32,29.0,33.6
Cotton stalk,40.0,13.0,29.0,1.0,30,70,50,30,29.5,32.8
Giant reed,34.3,6.2,4.3,4.0,110,120,48,29,2.6,28.4
Corn cob,48.0,6.0,20.0,1.0,120,120,45,31,20.0,36.0
Wheat straw,35.6,26.4,13.7,5.0,70,114,26,25,4.1,12.4
Cotton stalk,42.0,56.0,20.0,5.0,100,100,32,27,1.6,10.0
Rice straw,44.95,55.31,22.71,4.0,100,100,32,27,1.6,9.1
Wheat straw,35.0,26.2,12.0,4.0,70,114,26,25,5.0,16.0
Banana plant waste,30.13,42.01,27.0,4.0,110,120,24,26,1.1,7.2
Wheat straw,34.6,5.0,4.4,5.0,110,120,48,29,1.6,28.0
Corn cob,50.3,61.6,20.0,5.0,120,120,36,28,1.8,6.1
Potato peel waste,34.0,5.2,4.3,1.0,100,120,36,28,2.4,20.0
Olive tree dust,25.1,18.8,18.5,0.89,50,84,45,31,20.6,35.1
Corn cob,38.0,13.0,30.0,3.0,120,30,10,50,30.0,34.0
Potato peel waste,34.6,20.4,20.4,2.0,30,70,52,32,30.8,32.5
Banana plant waste,30.0,42.0,28.0,5.0,110,120,36,28,2.0,8.0
Curcuma longa,51.0,11.0,12.0,2.0,20,70,55,32,31.4,54.3
Potato peel waste,33.0,20.0,20.0,3.0,30,70,52,32,30.0,32.0
Potato peel waste,34.3,6.0,4.3,5.0,110,120,48,29,1.8,28.6
Olive tree dust,26.0,18.0,18.0,0.89,50,84,45,31,19.0,32.0
Cotton stalk,40.3,13.2,30.0,3.0,30,70,50,30,30.0,31.0
Wheat straw,37.0,26.0,13.0,2.0,70,114,26,25,4.0,13.0
Rice straw,44.0,56.0,23.0,5.0,100,100,32,27,1.5,9.0
Banana plant waste,30.0,41.0,26.0,5.0,110,120,24,26,1.2,7.0
Corn cob,50.0,60.0,20.0,5.0,120,100,36,28,1.6,6.0
Olive tree dust,25.0,18.4,18.2,0.89,50,84,45,31,19.0,35.0
Potato peel waste,34.0,6.0,4.2,1.0,100,120,36,28,1.2,21.0
Curcuma longa,50.0,10.0,12.0,2.0,20,70,55,32,31.0,52.0
Giant reed,34.2,20.0,20.0,2.0,30,70,52,32,30.0,32.0
Potato peel waste,34.0,6.0,4.3,5.0,100,120,48,29,1.6,12.0
Potato peel waste,34.2,5.0,4.2,2.0,110,120,48,29,1.4,18.0
Cotton stalk,40.2,13.0,30.0,2.0,120,30,70,50,30.0,31.2
Wheat straw,35.0,26.2,13.0,4.0,70,114,26,25,4.0,12.0
Rice straw,43.0,56.0,22.0,4.0,100,100,32,27,1.5,9.0
Banana plant waste,29.0,42.0,27.0,4.0,110,120,24,26,1.2,7.0
Corn cob,48.0,60.0,22.0,4.0,120,120,36,28,2.0,4.0
Olive tree,25.0,18.0,18.2,1.0,50,84,45,31,18.0,34.0
Potato peel waste,34.0,5.0,4.3,1.0,100,120,36,28,1.2,26.1
Curcuma longa,50.0,7.2,11.0,1.0,20,70,55,32,30.0,52.0
Giant reed,33.0,20.0,20.0,2.0,30,70,52,29,29.0,31.0
Potato peel waste,34.3,6.0,4.3,4.0,110,120,48,32,2.0,20.2
Wheat straw,38.0,25.0,13.0,3.0,70,114,26,25,4.2,13.3
Banana plant waste,30.2,40.0,25.0,3.0,110,120,24,26,1.4,8.0
Olive tree dust,25.0,18.6,18.0,5.0,50,84,45,31,3.2,8.0
Curcuma longa,50.0,10.0,12.0,2.0,20,70,55,32,30.0,51.0
Potato peel waste,34.0,6.2,4.4,5.0,100,120,48,29,1.3,13.0
Cotton stalk,40.2,13.0,31.0,4.0,30,70,50,30,28.0,30.0
Rice straw,43.0,55.0,22.0,3.0,100,100,32,27,1.4,10.2
Curcuma longa,52.4,61.0,20.0,5.0,120,100,36,28,1.6,5.4
Potato peel waste,35.0,50.0,4.1,1.0,100,120,36,28,1.3,20.0
Potato peel waste,34.0,20.0,20.0,3.0,30,70,52,32,29.0,33.6
Cotton stalk,40.0,13.0,29.0,1.0,30,70,50,30,29.5,32.8
Giant reed,34.3,6.2,4.3,4.0,110,120,48,29,2.6,28.4
Corn cob,48.0,6.0,20.0,1.0,120,120,45,31,20.0,36.0
Wheat straw,35.6,26.4,13.7,5.0,70,114,26,25,4.1,12.4
Cotton stalk,42.0,56.0,20.0,5.0,100,100,32,27,1.6,10.0
Rice straw,44.95,55.31,22.71,4.0,100,100,32,27,1.6,9.1
Wheat straw,35.0,26.2,12.0,4.0,70,114,26,25,5.0,16.0
Banana plant waste,30.13,42.01,27.0,4.0,110,120,24,26,1.1,7.2
Wheat straw,34.6,5.0,4.4,5.0,110,120,48,29,1.6,28.0
Corn cob,50.3,61.6,20.0,5.0,120,120,36,28,1.8,6.1
Potato peel waste,34.0,5.2,4.3,1.0,100,120,36,28,2.4,20.0
Olive tree dust,25.1,18.8,18.5,0.89,50,84,45,31,20.6,35.1
Corn cob,38.0,13.0,30.0,3.0,120,30,10,50,30.0,34.0
Potato peel waste,34.6,20.4,20.4,2.0,30,70,52,32,30.8,32.5
Banana plant waste,30.0,42.0,28.0,5.0,110,120,36,28,2.0,8.0
Curcuma longa,51.0,11.0,12.0,2.0,20,70,55,32,31.4,54.3
Potato peel waste,33.0,20.0,20.0,3.0,30,70,52,32,30.0,32.0
Potato peel waste,34.3,6.0,4.3,5.0,110,120,48,29,1.8,28.6
Olive tree dust,26.0,18.0,18.0,0.89,50,84,45,31,19.0,32.0
Cotton stalk,40.3,13.2,30.0,3.0,30,70,50,30,30.0,31.0
Wheat straw,37.0,26.0,13.0,2.0,70,114,26,25,4.0,13.0
Rice straw,44.0,56.0,23.0,5.0,100,100,32,27,1.5,9.0
Banana plant waste,30.0,41.0,26.0,5.0,110,120,24,26,1.2,7.0
Corn cob,50.0,60.0,20.0,5.0,120,100,36,28,1.6,6.0
Olive tree dust,25.0,18.4,18.2,0.89,50,84,45,31,19.0,35.0
Potato peel waste,34.0,6.0,4.2,1.0,100,120,36,28,1.2,21.0
Curcuma longa,50.0,10.0,12.0,2.0,20,70,55,32,31.0,52.0
Giant reed,34.2,20.0,20.0,2.0,30,70,52,32,30.0,32.0
Potato peel waste,34.0,6.0,4.3,5.0,100,120,48,29,1.6,12.0
Potato peel waste,34.2,5.0,4.2,2.0,110,120,48,29,1.4,18.0
Cotton stalk,40.2,13.0,30.0,2.0,120,30,70,50,30.0,31.2
Wheat straw,35.0,26.2,13.0,4.0,70,114,26,25,4.0,12.0
Rice straw,43.0,56.0,22.0,4.0,100,100,32,27,1.5,9.0
Banana plant waste,29.0,42.0,27.0,4.0,110,120,24,26,1.2,7.0
Corn cob,48.0,60.0,22.0,4.0,120,120,36,28,2.0,4.0
Olive tree,25.0,18.0,18.2,1.0,50,84,45,31,18.0,34.0
Potato peel waste,34.0,5.0,4.3,1.0,100,120,36,28,1.2,26.1
Curcuma longa,50.0,7.2,11.0,1.0,20,70,55,32,30.0,52.0
Giant reed,33.0,20.0,20.0,2.0,30,70,52,29,29.0,31.0
Potato peel waste,34.3,6.0,4.3,4.0,110,120,48,32,2.0,20.2
Wheat straw,38.0,25.0,13.0,3.0,70,114,26,25,4.2,13.3
Banana plant waste,30.2,40.0,25.0,3.0,110,120,24,26,1.4,8.0
Olive tree dust,25.0,18.6,18.0,5.0,50,84,45,31,3.2,8.0
Curcuma longa,50.0,10.0,12.0,2.0,20,70,55,32,30.0,51.0
Potato peel waste,34.0,6.2,4.4,5.0,100,120,48,29,1.3,13.0
Cotton stalk,40.2,13.0,31.0,4.0,30,70,50,30,28.0,30.0
Rice straw,43.0,55.0,22.0,3.0,100,100,32,27,1.4,10.2
Curcuma longa,52.4,61.0,20.0,5.0,120,100,36,28,1.6,5.4
Potato peel waste,35.0,50.0,4.1,1.0,100,120,36,28,1.3,20.0
Potato peel waste,34.0,20.0,20.0,3.0,30,70,52,32,29.0,33.6
Cotton stalk,40.0,13.0,29.0,1.0,30,70,50,30,29.5,32.8
Giant reed,34.3,6.2,4.3,4.0,110,120,48,29,2.6,28.4
Corn cob,48.0,6.0,20.0,1.0,120,120,45,31,20.0,36.0
Wheat straw,35.6,26.4,13.7,5.0,70,114,26,25,4.1,12.4
Cotton stalk,42.0,56.0,20.0,5.0,100,100,32,27,1.6,10.0
Rice straw,44.95,55.31,22.71,4.0,100,100,32,27,1.6,9.1
Wheat straw,35.0,26.2,12.0,4.0,70,114,26,25,5.0,16.0
Banana plant waste,30.13,42.01,27.0,4.0,110,120,24,26,1.1,7.2
Wheat straw,34.6,5.0,4.4,5.0,110,120,48,29,1.6,28.0
Corn cob,50.3,61.6,20.0,5.0,120,120,36,28,1.8,6.1
Potato peel waste,34.0,5.2,4.3,1.0,100,120,36,28,2.4,20.0
Olive tree dust,25.1,18.8,18.5,0.89,50,84,45,31,20.6,35.1
Corn cob,38.0,13.0,30.0,3.0,120,30,10,50,30.0,34.0
Potato peel waste,34.6,20.4,20.4,2.0,30,70,52,32,30.8,32.5
Banana plant waste,30.0,42.0,28.0,5.0,110,120,36,28,2.0,8.0
Curcuma longa,51.0,11.0,12.0,2.0,20,70,55,32,31.4,54.3
Potato peel waste,33.0,20.0,20.0,3.0,30,70,52,32,30.0,32.0
Potato peel waste,34.3,6.0,4.3,5.0,110,120,48,29,1.8,28.6
Olive tree dust,26.0,18.0,18.0,0.89,50,84,45,31,19.0,32.0
Cotton stalk,40.3,13.2,30.0,3.0,30,70,50,30,30.0,31.0
Wheat straw,37.0,26.0,13.0,2.0,70,114,26,25,4.0,13.0
Rice straw,44.0,56.0,23.0,5.0,100,100,32,27,1.5,9.0
Banana plant waste,30.0,41.0,26.0,5.0,110,120,24,26,1.2,7.0
Corn cob,50.0,60.0,20.0,5.0,120,100,36,28,1.6,6.0
Olive tree dust,25.0,18.4,18.2,0.89,50,84,45,31,19.0,35.0
Potato peel waste,34.0,6.0,4.2,1.0,100,120,36,28,1.2,21.0
Curcuma longa,50.0,10.0,12.0,2.0,20,70,55,32,31.0,52.0
Giant reed,34.2,20.0,20.0,2.0,30,70,52,32,30.0,32.0
Potato peel waste,34.0,6.0,4.3,5.0,100,120,48,29,1.6,12.0
Potato peel waste,34.2,5.0,4.2,2.0,110,120,48,29,1.4,18.0
Cotton stalk,40.2,13.0,30.0,2.0,120,30,70,50,30.0,31.2
Wheat straw,35.0,26.2,13.0,4.0,70,114,26,25,4.0,12.0
Rice straw,43.0,56.0,22.0,4.0,100,100,32,27,1.5,9.0
Banana plant waste,29.0,42.0,27.0,4.0,110,120,24,26,1.2,7.0
Corn cob,48.0,60.0,22.0,4.0,120,120,36,28,2.0,4.0
Olive tree,25.0,18.0,18.2,1.0,50,84,45,31,18.0,34.0
Potato peel waste,34.0,5.0,4.3,1.0,100,120,36,28,1.2,26.1
Curcuma longa,50.0,7.2,11.0,1.0,20,70,55,32,30.0,52.0
Giant reed,33.0,20.0,20.0,2.0,30,70,52,29,29.0,31.0
Potato peel waste,34.3,6.0,4.3,4.0,110,120,48,32,2.0,20.2
Wheat straw,38.0,25.0,13.0,3.0,70,114,26,25,4.2,13.3
Banana plant waste,30.2,40.0,25.0,3.0,110,120,24,26,1.4,8.0
Olive tree dust,25.0,18.6,18.0,5.0,50,84,45,31,3.2,8.0
Curcuma longa,50.0,10.0,12.0,2.0,20,70,55,32,30.0,51.0
Potato peel waste,34.0,6.2,4.4,5.0,100,120,48,29,1.3,13.0
Cotton stalk,40.2,13.0,31.0,4.0,30,70,50,30,28.0,30.0
Rice straw,43.0,55.0,22.0,3.0,100,100,32,27,1.4,10.2
Curcuma longa,52.4,61.0,20.0,5.0,120,100,36,28,1.6,5.4
Potato peel waste,35.0,50.0,4.1,1.0,100,120,36,28,1.3,20.0
Potato peel waste,34.0,20.0,20.0,3.0,30,70,52,32,29.0,33.6
Cotton stalk,40.0,13.0,29.0,1.0,30,70,50,30,29.5,32.8
Giant reed,34.3,6.2,4.3,4.0,110,120,48,29,2.6,28.4
Corn cob,48.0,6.0,20.0,1.0,120,120,45,31,20.0,36.0
Wheat straw,35.6,26.4,13.7,5.0,70,114,26,25,4.1,12.4
Cotton stalk,42.0,56.0,20.0,5.0,100,100,32,27,1.6,10.0
Rice straw,44.95,55.31,22.71,4.0,100,100,32,27,1.6,9.1
Wheat straw,35.0,26.2,12.0,4.0,70,114,26,25,5.0,16.0
Banana plant waste,30.13,42.01,27.0,4.0,110,120,24,26,1.1,7.2
Wheat straw,34.6,5.0,4.4,5.0,110,120,48,29,1.6,28.0
Corn cob,50.3,61.6,20.0,5.0,120,120,36,28,1.8,6.1
Potato peel waste,34.0,5.2,4.3,1.0,100,120,36,28,2.4,20.0
Olive tree dust,25.1,18.8,18.5,0.89,50,84,45,31,20.6,35.1
Corn cob,38.0,13.0,30.0,3.0,120,30,10,50,30.0,34.0
Potato peel waste,34.6,20.4,20.4,2.0,30,70,52,32,30.8,32.5
Banana plant waste,30.0,42.0,28.0,5.0,110,120,36,28,2.0,8.0
Curcuma longa,51.0,11.0,12.0,2.0,20,70,55,32,31.4,54.3
Potato peel waste,33.0,20.0,20.0,3.0,30,70,52,32,30.0,32.0
Potato peel waste,34.3,6.0,4.3,5.0,110,120,48,29,1.8,28.6
Olive tree dust,26.0,18.0,18.0,0.89,50,84,45,31,19.0,32.0
